x
y
z
wiaslogo
69 32 1
-1.000000e-01
-6.617647e-02
-3.235294e-02
1.470588e-03
3.529412e-02
6.911765e-02
1.029412e-01
1.367647e-01
1.705882e-01
2.044118e-01
2.382353e-01
2.720588e-01
3.058824e-01
3.397059e-01
3.735294e-01
4.073529e-01
4.411765e-01
4.750000e-01
5.088235e-01
5.426471e-01
5.764706e-01
6.102941e-01
6.441176e-01
6.779412e-01
7.117647e-01
7.455882e-01
7.794118e-01
8.132353e-01
8.470588e-01
8.808824e-01
9.147059e-01
9.485294e-01
9.823529e-01
1.016176e+00
1.050000e+00
1.083824e+00
1.117647e+00
1.151471e+00
1.185294e+00
1.219118e+00
1.252941e+00
1.286765e+00
1.320588e+00
1.354412e+00
1.388235e+00
1.422059e+00
1.455882e+00
1.489706e+00
1.523529e+00
1.557353e+00
1.591176e+00
1.625000e+00
1.658824e+00
1.692647e+00
1.726471e+00
1.760294e+00
1.794118e+00
1.827941e+00
1.861765e+00
1.895588e+00
1.929412e+00
1.963235e+00
1.997059e+00
2.030882e+00
2.064706e+00
2.098529e+00
2.132353e+00
2.166176e+00
2.200000e+00
0.000000e+00
2.741935e-02
5.483871e-02
8.225806e-02
1.096774e-01
1.370968e-01
1.645161e-01
1.919355e-01
2.193548e-01
2.467742e-01
2.741935e-01
3.016129e-01
3.290323e-01
3.564516e-01
3.838710e-01
4.112903e-01
4.387097e-01
4.661290e-01
4.935484e-01
5.209677e-01
5.483871e-01
5.758065e-01
6.032258e-01
6.306452e-01
6.580645e-01
6.854839e-01
7.129032e-01
7.403226e-01
7.677419e-01
7.951613e-01
8.225806e-01
8.500000e-01
1.000000e+00
-1.000000e+00
-1.000000e+00
-1.000000e+00
-1.000000e+00
-1.000000e+00
-1.000000e+00
-1.000000e+00
-1.000000e+00
-1.000000e+00
-1.000000e+00
-1.000000e+00
-1.000000e+00
-1.000000e+00
-1.000000e+00
-1.000000e+00
-1.000000e+00
-1.000000e+00
-1.000000e+00
-1.000000e+00
-1.000000e+00
-1.000000e+00
-1.000000e+00
-1.000000e+00
-1.000000e+00
-1.000000e+00
-1.000000e+00
-1.000000e+00
-1.000000e+00
-1.000000e+00
-1.000000e+00
-1.000000e+00
-1.000000e+00
-1.000000e+00
-1.000000e+00
-1.000000e+00
-1.000000e+00
-1.000000e+00
-1.000000e+00
-1.000000e+00
-1.000000e+00
-1.000000e+00
-1.000000e+00
-1.000000e+00
-1.000000e+00
-1.000000e+00
-1.000000e+00
-1.000000e+00
-1.000000e+00
-1.000000e+00
-1.000000e+00
-1.000000e+00
-1.000000e+00
-1.000000e+00
-1.000000e+00
-1.000000e+00
-1.000000e+00
-1.000000e+00
-1.000000e+00
-1.000000e+00
-1.000000e+00
-1.000000e+00
-1.000000e+00
-1.000000e+00
-1.000000e+00
-1.000000e+00
-1.000000e+00
-1.000000e+00
-1.000000e+00
-1.000000e+00
-1.000000e+00
-8.940853e-01
-7.545238e-01
-6.241707e-01
-5.548158e-01
-5.247961e-01
-5.129583e-01
-5.084985e-01
-5.068558e-01
-5.062571e-01
-5.060405e-01
-5.059664e-01
-5.059554e-01
-5.059979e-01
-5.061403e-01
-5.065402e-01
-5.076380e-01
-5.106138e-01
-5.184854e-01
-5.383084e-01
-5.834050e-01
-6.647481e-01
-7.367308e-01
-7.762160e-01
-7.767435e-01
-7.387155e-01
-6.698314e-01
-5.962229e-01
-5.708978e-01
-5.962674e-01
-6.699518e-01
-7.389715e-01
-7.772542e-01
-7.772540e-01
-7.389699e-01
-6.699451e-01
-5.962449e-01
-5.708316e-01
-5.960550e-01
-6.694783e-01
-7.382044e-01
-7.763011e-01
-7.763087e-01
-7.382324e-01
-6.695475e-01
-5.962248e-01
-5.712582e-01
-5.972732e-01
-6.721379e-01
-7.425377e-01
-7.817399e-01
-7.815418e-01
-7.413058e-01
-6.677474e-01
-5.848545e-01
-5.389295e-01
-5.187561e-01
-5.107710e-01
-5.078205e-01
-5.069193e-01
-5.071085e-01
-5.086003e-01
-5.130033e-01
-5.248186e-01
-5.548287e-01
-6.241787e-01
-7.545286e-01
-8.940876e-01
-1.000000e+00
-1.000000e+00
-7.501366e-01
-4.428503e-01
-1.481097e-01
-2.363615e-02
2.250202e-02
3.907761e-02
4.500004e-02
4.712009e-02
4.788272e-02
4.815838e-02
4.825423e-02
4.827001e-02
4.821569e-02
4.803414e-02
4.752401e-02
4.610378e-02
4.213553e-02
3.102885e-02
1.379008e-04
-8.284426e-02
-2.755018e-01
-4.346721e-01
-5.178882e-01
-5.186787e-01
-4.375630e-01
-2.826219e-01
-1.005699e-01
-4.833488e-02
-1.006381e-01
-2.828235e-01
-4.379966e-01
-5.195212e-01
-5.195213e-01
-4.379958e-01
-2.828171e-01
-1.006114e-01
-4.824068e-02
-1.002888e-01
-2.818977e-01
-4.363918e-01
-5.174875e-01
-5.174994e-01
-4.364341e-01
-2.819973e-01
-1.005257e-01
-4.886730e-02
-1.022982e-01
-2.870644e-01
-4.454317e-01
-5.292268e-01
-5.292496e-01
-4.443643e-01
-2.814835e-01
-8.526905e-02
-7.900749e-04
3.064313e-02
4.191220e-02
4.585162e-02
4.702348e-02
4.678475e-02
4.485810e-02
3.901014e-02
2.246543e-02
-2.365860e-02
-1.481246e-01
-4.428595e-01
-7.501409e-01
-1.000000e+00
-1.000000e+00
-5.837787e-01
-6.278658e-02
4.999912e-01
6.191687e-01
6.493734e-01
6.582602e-01
6.611431e-01
6.621337e-01
6.624882e-01
6.626211e-01
6.626732e-01
6.626872e-01
6.626585e-01
6.625702e-01
6.623320e-01
6.616657e-01
6.597217e-01
6.536904e-01
6.329626e-01
5.499374e-01
1.518834e-01
-1.223825e-01
-2.535821e-01
-2.542944e-01
-1.247805e-01
1.469168e-01
5.405404e-01
6.030729e-01
5.404914e-01
1.466989e-01
-1.252756e-01
-2.552177e-01
-2.552188e-01
-1.252787e-01
1.466954e-01
5.404913e-01
6.031167e-01
5.407662e-01
1.480095e-01
-1.226687e-01
-2.518139e-01
-2.518257e-01
-1.227075e-01
1.479322e-01
5.406281e-01
6.027307e-01
5.391319e-01
1.408063e-01
-1.371867e-01
-2.716205e-01
-2.726105e-01
-1.385335e-01
1.430203e-01
5.478910e-01
6.323550e-01
6.534393e-01
6.595579e-01
6.614881e-01
6.620390e-01
6.619329e-01
6.610392e-01
6.581989e-01
6.493338e-01
6.191410e-01
4.999704e-01
-6.279953e-02
-5.837847e-01
-1.000000e+00
-1.000000e+00
-4.261271e-01
3.499626e-01
9.998750e-01
9.998795e-01
9.998870e-01
9.998974e-01
9.999095e-01
9.999228e-01
9.999369e-01
9.999521e-01
9.999684e-01
9.999830e-01
9.999727e-01
9.999607e-01
9.999497e-01
9.999398e-01
9.999309e-01
9.999234e-01
9.999181e-01
9.999149e-01
5.580646e-01
1.560340e-01
-1.488233e-02
-1.534506e-02
1.547093e-01
5.564750e-01
9.999602e-01
9.999605e-01
9.999602e-01
5.563121e-01
1.542518e-01
-1.616162e-02
-1.616405e-02
1.542440e-01
5.562960e-01
9.999333e-01
9.999336e-01
9.999333e-01
5.578363e-01
1.581891e-01
-1.085703e-02
-1.086644e-02
1.581613e-01
5.577959e-01
9.999061e-01
9.999064e-01
9.999061e-01
5.497441e-01
1.368615e-01
-4.156348e-02
-4.458741e-02
1.305259e-01
5.466299e-01
9.998249e-01
9.998263e-01
9.998281e-01
9.998302e-01
9.998328e-01
9.998357e-01
9.998390e-01
9.998426e-01
9.998460e-01
9.998490e-01
9.998508e-01
9.998510e-01
3.499465e-01
-4.261343e-01
-1.000000e+00
-1.000000e+00
-3.412204e-01
4.786763e-01
9.998739e-01
9.998783e-01
9.998860e-01
9.998969e-01
9.999095e-01
9.999229e-01
9.999370e-01
9.999522e-01
9.999702e-01
1.000000e+00
9.999746e-01
9.999608e-01
9.999498e-01
9.999398e-01
9.999307e-01
9.999228e-01
9.999174e-01
9.999144e-01
7.078538e-01
3.427153e-01
1.719464e-01
1.716915e-01
3.420715e-01
7.073182e-01
9.999615e-01
9.999617e-01
9.999615e-01
7.071900e-01
3.416939e-01
1.710514e-01
1.710481e-01
3.416832e-01
7.071698e-01
9.999347e-01
9.999349e-01
9.999347e-01
7.093805e-01
3.476489e-01
1.791600e-01
1.791527e-01
3.476282e-01
7.093516e-01
9.999075e-01
9.999077e-01
9.999074e-01
6.984970e-01
3.169772e-01
1.333712e-01
1.265151e-01
3.013597e-01
6.881853e-01
9.998256e-01
9.998268e-01
9.998285e-01
9.998307e-01
9.998333e-01
9.998363e-01
9.998396e-01
9.998433e-01
9.998471e-01
9.998506e-01
9.998526e-01
9.998531e-01
4.786614e-01
-3.412274e-01
-1.000000e+00
-1.000000e+00
-3.020491e-01
5.213174e-01
9.998708e-01
9.998749e-01
9.998828e-01
9.998955e-01
9.999090e-01
9.999226e-01
9.999365e-01
9.999505e-01
9.999643e-01
9.999765e-01
9.999689e-01
9.999592e-01
9.999492e-01
9.999393e-01
9.999297e-01
9.999207e-01
9.999152e-01
9.999123e-01
7.738807e-01
4.618088e-01
3.068643e-01
3.067380e-01
4.615192e-01
7.737044e-01
9.999632e-01
9.999634e-01
9.999632e-01
7.736060e-01
4.612301e-01
3.062716e-01
3.062677e-01
4.612179e-01
7.735845e-01
9.999363e-01
9.999365e-01
9.999363e-01
7.769034e-01
4.702614e-01
3.186018e-01
3.185958e-01
4.702444e-01
7.768784e-01
9.999091e-01
9.999093e-01
9.999091e-01
7.619638e-01
4.271759e-01
2.522971e-01
2.383555e-01
3.930318e-01
7.344962e-01
9.998259e-01
9.998271e-01
9.998288e-01
9.998309e-01
9.998335e-01
9.998366e-01
9.998401e-01
9.998440e-01
9.998485e-01
9.998531e-01
9.998556e-01
9.998561e-01
5.213062e-01
-3.020553e-01
-1.000000e+00
-1.000000e+00
-2.851513e-01
5.362151e-01
9.998656e-01
9.998692e-01
9.998766e-01
9.998937e-01
9.999083e-01
9.999222e-01
9.999359e-01
9.999489e-01
9.999597e-01
9.999659e-01
9.999648e-01
9.999577e-01
9.999486e-01
9.999388e-01
9.999285e-01
9.999164e-01
9.999112e-01
9.999088e-01
8.080555e-01
5.377889e-01
4.001862e-01
4.001298e-01
5.376717e-01
8.080143e-01
9.999651e-01
9.999652e-01
9.999651e-01
8.079421e-01
5.374622e-01
3.998062e-01
3.998020e-01
5.374493e-01
8.079200e-01
9.999382e-01
9.999384e-01
9.999383e-01
8.129473e-01
5.511700e-01
4.185274e-01
4.185222e-01
5.511548e-01
8.129237e-01
9.999111e-01
9.999112e-01
9.999110e-01
7.928485e-01
4.924332e-01
3.256058e-01
2.995312e-01
4.220983e-01
7.166202e-01
9.998259e-01
9.998271e-01
9.998288e-01
9.998310e-01
9.998336e-01
9.998367e-01
9.998403e-01
9.998445e-01
9.998498e-01
9.998572e-01
9.998598e-01
9.998603e-01
5.362089e-01
-2.851576e-01
-1.000000e+00
-1.000000e+00
-2.781078e-01
5.416422e-01
9.998586e-01
9.998610e-01
9.998641e-01
9.660023e-01
9.387779e-01
9.310207e-01
9.388092e-01
9.660689e-01
9.999581e-01
9.999602e-01
9.660800e-01
9.388290e-01
9.310467e-01
9.388096e-01
9.660403e-01
9.999075e-01
9.999054e-01
9.999040e-01
8.278272e-01
5.867322e-01
4.632627e-01
4.632421e-01
5.866975e-01
8.278429e-01
9.999673e-01
9.999674e-01
9.999672e-01
8.277920e-01
5.865522e-01
4.630260e-01
4.630217e-01
5.865391e-01
8.277698e-01
9.999403e-01
9.999405e-01
9.999404e-01
8.353999e-01
6.073609e-01
4.914337e-01
4.914288e-01
6.073465e-01
8.353768e-01
9.999132e-01
9.999133e-01
9.999131e-01
8.091529e-01
5.300465e-01
3.665618e-01
3.231701e-01
3.983071e-01
5.802131e-01
8.093524e-01
8.630674e-01
8.811928e-01
8.903179e-01
8.971290e-01
9.045053e-01
9.149651e-01
9.322544e-01
9.643269e-01
9.998645e-01
9.998654e-01
9.998655e-01
5.416398e-01
-2.781184e-01
-1.000000e+00
-1.000000e+00
-2.752277e-01
5.436786e-01
9.998509e-01
9.998523e-01
9.998537e-01
9.317504e-01
8.638698e-01
8.431471e-01
8.639058e-01
9.318273e-01
9.999552e-01
9.999559e-01
9.318348e-01
8.639234e-01
8.431730e-01
8.639034e-01
9.317920e-01
9.999002e-01
9.998993e-01
9.998985e-01
8.400179e-01
6.185214e-01
5.053581e-01
5.053555e-01
6.185269e-01
8.400612e-01
9.999696e-01
9.999697e-01
9.999696e-01
8.400268e-01
6.184304e-01
5.052169e-01
5.052125e-01
6.184171e-01
8.400044e-01
9.999427e-01
9.999428e-01
9.999428e-01
8.515968e-01
6.500212e-01
5.483053e-01
5.483005e-01
6.500071e-01
8.515739e-01
9.999156e-01
9.999156e-01
9.999155e-01
8.182998e-01
5.518225e-01
3.887421e-01
3.290613e-01
3.644965e-01
4.729113e-01
6.038347e-01
6.730823e-01
7.099813e-01
7.329582e-01
7.514944e-01
7.719622e-01
8.008725e-01
8.475049e-01
9.277957e-01
9.998714e-01
9.998716e-01
9.998714e-01
5.436731e-01
-2.752548e-01
-1.000000e+00
-1.000000e+00
-2.740638e-01
5.444565e-01
9.998428e-01
9.998438e-01
9.998445e-01
9.127425e-01
8.181168e-01
7.881590e-01
8.181540e-01
9.128245e-01
9.999520e-01
9.999523e-01
9.128307e-01
8.181707e-01
7.881851e-01
8.181519e-01
9.127867e-01
9.998936e-01
9.998932e-01
9.998928e-01
8.477779e-01
6.392632e-01
5.332336e-01
5.332403e-01
6.392894e-01
8.478372e-01
9.999722e-01
9.999722e-01
9.999721e-01
8.478150e-01
6.392284e-01
5.331561e-01
5.331517e-01
6.392150e-01
8.477926e-01
9.999451e-01
9.999453e-01
9.999453e-01
8.654323e-01
6.872024e-01
5.984811e-01
5.984764e-01
6.871883e-01
8.654094e-01
9.999182e-01
9.999182e-01
9.999180e-01
8.240090e-01
5.657951e-01
4.031171e-01
3.325910e-01
3.428717e-01
4.109633e-01
4.989942e-01
5.645015e-01
6.080648e-01
6.386624e-01
6.647361e-01
6.940165e-01
7.352793e-01
8.007818e-01
9.094431e-01
9.998783e-01
9.998782e-01
9.998777e-01
5.444283e-01
-2.741395e-01
-1.000000e+00
-1.000000e+00
-2.735975e-01
5.447555e-01
9.998347e-01
9.998354e-01
9.998358e-01
9.015839e-01
7.900118e-01
7.539174e-01
7.900454e-01
9.016670e-01
9.999489e-01
9.999490e-01
9.016727e-01
7.900618e-01
7.539440e-01
7.900483e-01
9.016304e-01
9.998874e-01
9.998872e-01
9.998870e-01
8.527831e-01
6.528006e-01
5.515712e-01
5.515829e-01
6.528386e-01
8.528535e-01
9.999750e-01
9.999750e-01
9.999747e-01
8.528400e-01
6.528029e-01
5.515366e-01
5.515321e-01
6.527894e-01
8.528175e-01
9.999478e-01
9.999480e-01
9.999482e-01
8.797452e-01
7.257071e-01
6.505011e-01
6.504961e-01
7.256926e-01
8.797222e-01
9.999211e-01
9.999210e-01
9.999207e-01
8.283503e-01
5.771302e-01
4.170786e-01
3.431628e-01
3.434012e-01
3.960574e-01
4.691011e-01
5.304871e-01
5.748147e-01
6.074852e-01
6.360163e-01
6.683421e-01
7.139021e-01
7.858418e-01
9.037829e-01
9.998854e-01
9.998851e-01
9.998845e-01
5.446525e-01
-2.738027e-01
-1.000000e+00
-1.000000e+00
-2.734126e-01
5.448691e-01
9.998268e-01
9.998274e-01
9.998277e-01
8.947568e-01
7.724510e-01
7.323592e-01
7.724704e-01
8.948339e-01
9.999459e-01
9.999459e-01
8.948396e-01
7.724870e-01
7.323865e-01
7.724888e-01
8.948052e-01
9.998815e-01
9.998814e-01
9.998812e-01
8.560124e-01
6.615864e-01
5.635221e-01
5.635369e-01
6.616321e-01
8.560919e-01
9.999781e-01
9.999779e-01
9.999775e-01
8.560843e-01
6.616140e-01
5.635167e-01
5.635122e-01
6.616005e-01
8.560617e-01
9.999504e-01
9.999509e-01
9.999513e-01
8.974458e-01
7.725517e-01
7.132469e-01
7.132414e-01
7.725361e-01
8.974222e-01
9.999242e-01
9.999239e-01
9.999235e-01
8.324303e-01
5.886978e-01
4.345801e-01
3.651483e-01
3.696290e-01
4.278992e-01
5.070147e-01
5.678287e-01
6.093709e-01
6.391739e-01
6.649483e-01
6.941162e-01
7.353347e-01
8.008168e-01
9.094646e-01
9.998929e-01
9.998923e-01
9.998914e-01
5.445578e-01
-2.739493e-01
-1.000000e+00
-1.000000e+00
-2.733405e-01
5.449103e-01
9.998191e-01
9.998197e-01
9.998199e-01
8.903527e-01
7.610073e-01
7.182399e-01
7.609873e-01
8.904077e-01
9.999430e-01
9.999430e-01
8.904134e-01
7.610043e-01
7.182679e-01
7.610464e-01
8.904029e-01
9.998758e-01
9.998758e-01
9.998756e-01
8.580661e-01
6.671919e-01
5.711641e-01
5.711811e-01
6.672437e-01
8.581539e-01
9.999816e-01
9.999809e-01
9.999802e-01
8.581499e-01
6.672376e-01
5.711790e-01
5.711745e-01
6.672240e-01
8.581273e-01
9.999531e-01
9.999539e-01
9.999548e-01
9.226421e-01
8.364386e-01
7.971688e-01
7.971622e-01
8.364205e-01
9.226173e-01
9.999277e-01
9.999270e-01
9.999262e-01
8.366870e-01
6.015191e-01
4.565744e-01
3.987067e-01
4.206538e-01
5.061877e-01
6.171011e-01
6.779808e-01
7.117874e-01
7.336559e-01
7.517959e-01
7.721167e-01
8.009677e-01
8.475705e-01
9.278388e-01
9.999010e-01
9.998998e-01
9.998984e-01
5.440447e-01
-2.747096e-01
-1.000000e+00
-1.000000e+00
-2.733136e-01
5.449231e-01
9.998117e-01
9.998122e-01
9.998124e-01
8.872192e-01
7.528131e-01
7.080685e-01
7.526913e-01
8.872121e-01
9.999404e-01
9.999404e-01
8.872179e-01
7.527087e-01
7.080974e-01
7.528535e-01
8.872712e-01
9.998703e-01
9.998703e-01
9.998702e-01
8.593166e-01
6.706131e-01
5.758342e-01
5.758530e-01
6.706701e-01
8.594127e-01
9.999858e-01
9.999841e-01
9.999828e-01
8.594103e-01
6.706720e-01
5.758634e-01
5.758588e-01
6.706583e-01
8.593875e-01
9.999554e-01
9.999569e-01
9.999591e-01
9.630194e-01
9.296278e-01
9.154338e-01
9.154251e-01
9.296042e-01
9.629921e-01
9.999319e-01
9.999301e-01
9.999288e-01
8.410833e-01
6.151942e-01
4.814901e-01
4.399589e-01
4.900371e-01
6.279433e-01
8.202139e-01
8.660701e-01
8.821951e-01
8.907338e-01
8.973559e-01
9.046572e-01
9.150805e-01
9.323459e-01
9.643944e-01
9.999101e-01
9.999073e-01
9.999052e-01
5.425919e-01
-2.767458e-01
-1.000000e+00
-1.000000e+00
-2.733049e-01
5.449246e-01
9.998046e-01
9.998051e-01
9.998053e-01
8.845738e-01
7.458417e-01
6.993134e-01
7.454628e-01
8.844023e-01
9.999380e-01
9.999380e-01
8.844082e-01
7.454807e-01
6.993432e-01
7.458833e-01
8.846274e-01
9.998649e-01
9.998650e-01
9.998649e-01
8.599882e-01
6.724558e-01
5.783518e-01
5.783721e-01
6.725172e-01
8.600925e-01
9.999914e-01
9.999871e-01
9.999846e-01
8.600900e-01
6.725244e-01
5.783912e-01
5.783866e-01
6.725105e-01
8.600669e-01
9.999570e-01
9.999595e-01
9.999650e-01
9.999772e-01
9.999873e-01
9.999783e-01
9.999675e-01
9.999573e-01
9.999475e-01
9.999374e-01
9.999329e-01
9.999308e-01
8.452962e-01
6.284339e-01
5.059783e-01
4.811540e-01
5.618483e-01
7.741179e-01
9.999528e-01
9.999569e-01
9.999646e-01
9.999754e-01
9.999857e-01
9.999745e-01
9.999616e-01
9.999489e-01
9.999360e-01
9.999210e-01
9.999145e-01
9.999113e-01
5.386646e-01
-2.817795e-01
-1.000000e+00
-1.000000e+00
-2.733039e-01
5.449214e-01
9.997978e-01
9.997983e-01
9.997984e-01
8.817916e-01
7.384226e-01
6.897993e-01
7.374014e-01
8.811920e-01
9.999357e-01
9.999357e-01
8.811982e-01
7.374197e-01
6.898299e-01
7.384654e-01
8.818467e-01
9.998598e-01
9.998599e-01
9.998598e-01
8.602011e-01
6.730459e-01
5.791597e-01
5.791810e-01
6.731107e-01
8.603126e-01
1.000000e+00
9.999889e-01
9.999852e-01
8.603089e-01
6.731216e-01
5.792064e-01
5.792017e-01
6.731077e-01
8.602857e-01
9.999572e-01
9.999601e-01
9.999666e-01
9.999787e-01
1.000000e+00
9.999796e-01
9.999675e-01
9.999572e-01
9.999477e-01
9.999392e-01
9.999342e-01
9.999318e-01
8.489280e-01
6.397783e-01
5.264521e-01
5.131513e-01
6.073381e-01
8.231122e-01
9.999508e-01
9.999548e-01
9.999628e-01
9.999761e-01
1.000000e+00
9.999760e-01
9.999616e-01
9.999493e-01
9.999376e-01
9.999265e-01
9.999196e-01
9.999159e-01
5.278201e-01
-2.938455e-01
-1.000000e+00
-1.000000e+00
-2.733074e-01
5.449157e-01
9.997913e-01
9.997918e-01
9.997919e-01
8.782722e-01
7.288852e-01
6.771945e-01
7.262735e-01
8.765531e-01
9.999337e-01
9.999337e-01
8.765595e-01
7.262924e-01
6.772259e-01
7.289292e-01
8.783287e-01
9.998548e-01
9.998549e-01
9.998548e-01
8.599937e-01
6.724882e-01
5.784001e-01
5.784220e-01
6.725543e-01
8.601056e-01
9.999902e-01
9.999859e-01
9.999835e-01
8.601057e-01
6.725691e-01
5.784522e-01
5.784475e-01
6.725550e-01
8.600824e-01
9.999557e-01
9.999585e-01
9.999645e-01
9.999744e-01
9.999830e-01
9.999755e-01
9.999662e-01
9.999568e-01
9.999474e-01
9.999389e-01
9.999338e-01
9.999314e-01
8.516827e-01
6.482960e-01
5.413380e-01
5.346567e-01
6.330704e-01
8.416267e-01
9.999465e-01
9.999502e-01
9.999577e-01
9.999697e-01
9.999798e-01
9.999712e-01
9.999603e-01
9.999493e-01
9.999387e-01
9.999293e-01
9.999226e-01
9.999188e-01
4.966016e-01
-3.216760e-01
-1.000000e+00
-1.000000e+00
-2.733162e-01
5.449068e-01
9.997851e-01
9.997856e-01
9.997857e-01
8.733531e-01
7.152907e-01
6.585127e-01
7.087855e-01
8.686555e-01
9.999320e-01
9.999320e-01
8.686620e-01
7.088049e-01
6.585449e-01
7.153357e-01
8.734110e-01
9.998500e-01
9.998501e-01
9.998500e-01
8.593305e-01
6.706853e-01
5.759402e-01
5.759623e-01
6.707517e-01
8.594417e-01
9.999835e-01
9.999818e-01
9.999805e-01
8.594451e-01
6.707697e-01
5.759962e-01
5.759914e-01
6.707555e-01
8.594215e-01
9.999525e-01
9.999549e-01
9.999599e-01
9.999708e-01
9.999766e-01
9.999728e-01
9.999652e-01
9.999562e-01
9.999467e-01
9.999363e-01
9.999317e-01
9.999296e-01
8.533937e-01
6.535897e-01
5.504708e-01
5.472429e-01
6.465661e-01
8.492581e-01
9.999401e-01
9.999431e-01
9.999498e-01
9.999647e-01
9.999721e-01
9.999679e-01
9.999592e-01
9.999491e-01
9.999392e-01
9.999304e-01
9.999238e-01
9.999198e-01
4.017475e-01
-3.813341e-01
-1.000000e+00
-1.000000e+00
-2.733360e-01
5.448912e-01
9.997792e-01
9.997797e-01
9.997798e-01
8.662786e-01
6.952809e-01
6.296262e-01
6.794193e-01
8.534236e-01
9.999304e-01
9.999304e-01
8.534304e-01
6.794394e-01
6.296593e-01
6.953269e-01
8.663376e-01
9.998454e-01
9.998455e-01
9.998454e-01
8.580947e-01
6.673198e-01
5.713481e-01
5.713702e-01
6.673862e-01
8.582055e-01
9.999782e-01
9.999775e-01
9.999768e-01
8.582110e-01
6.674067e-01
5.714069e-01
5.714020e-01
6.673921e-01
8.581868e-01
9.999481e-01
9.999495e-01
9.999516e-01
9.663648e-01
9.387640e-01
9.279017e-01
9.278956e-01
9.387475e-01
9.663436e-01
9.999299e-01
9.999281e-01
9.999268e-01
8.539579e-01
6.554907e-01
5.541042e-01
5.525812e-01
6.522769e-01
8.521912e-01
9.999319e-01
9.999337e-01
9.999364e-01
9.638270e-01
9.304070e-01
9.111682e-01
8.975681e-01
8.848814e-01
8.688073e-01
8.427551e-01
7.901638e-01
6.478584e-01
9.545623e-02
-4.888951e-01
-1.000000e+00
-1.000000e+00
-2.733826e-01
5.448591e-01
9.997737e-01
9.997742e-01
9.997743e-01
8.562587e-01
6.661887e-01
5.850167e-01
6.285711e-01
8.201286e-01
9.999291e-01
9.999291e-01
8.201359e-01
6.285921e-01
5.850508e-01
6.662357e-01
8.563188e-01
9.998410e-01
9.998411e-01
9.998410e-01
8.560678e-01
6.617982e-01
5.638175e-01
5.638397e-01
6.618646e-01
8.561784e-01
9.999735e-01
9.999733e-01
9.999729e-01
8.561852e-01
6.618869e-01
5.638783e-01
5.638733e-01
6.618719e-01
8.561602e-01
9.999430e-01
9.999438e-01
9.999447e-01
9.332927e-01
8.654845e-01
8.367711e-01
8.367666e-01
8.654720e-01
9.332748e-01
9.999249e-01
9.999241e-01
9.999234e-01
8.532420e-01
6.537389e-01
5.522560e-01
5.515476e-01
6.522730e-01
8.524664e-01
9.999228e-01
9.999238e-01
9.999249e-01
9.262002e-01
8.421033e-01
7.900090e-01
7.523316e-01
7.171179e-01
6.732470e-01
6.059910e-01
4.897470e-01
2.733845e-01
-1.296933e-01
-5.844457e-01
-1.000000e+00
-1.000000e+00
-2.734960e-01
5.447848e-01
9.997684e-01
9.997689e-01
9.997690e-01
8.426650e-01
6.256778e-01
5.185866e-01
5.406057e-01
7.365466e-01
9.999281e-01
9.999281e-01
7.365551e-01
5.406278e-01
5.186217e-01
6.257259e-01
8.427261e-01
9.998367e-01
9.998368e-01
9.998367e-01
8.528884e-01
6.531444e-01
5.520283e-01
5.520504e-01
6.532107e-01
8.529989e-01
9.999693e-01
9.999692e-01
9.999690e-01
8.530065e-01
6.532344e-01
5.520906e-01
5.520855e-01
6.532188e-01
8.529804e-01
9.999377e-01
9.999381e-01
9.999385e-01
9.173246e-01
8.266588e-01
7.869196e-01
7.869160e-01
8.266487e-01
9.173090e-01
9.999205e-01
9.999201e-01
9.999197e-01
8.509904e-01
6.477171e-01
5.443278e-01
5.440005e-01
6.470474e-01
8.506408e-01
9.999134e-01
9.999139e-01
9.999143e-01
9.070858e-01
7.929143e-01
7.195210e-01
6.656218e-01
6.151892e-01
5.532003e-01
4.615660e-01
3.152706e-01
8.175960e-02
-2.607384e-01
-6.456102e-01
-1.000000e+00
-1.000000e+00
-2.737765e-01
5.446034e-01
9.997635e-01
9.997640e-01
9.997641e-01
8.253266e-01
5.730925e-01
4.274550e-01
3.984900e-01
4.957048e-01
7.032453e-01
7.032477e-01
4.957167e-01
3.985137e-01
4.274912e-01
5.731414e-01
8.253885e-01
9.998327e-01
9.998328e-01
9.998327e-01
8.479807e-01
6.398211e-01
5.339200e-01
5.339421e-01
6.398874e-01
8.480912e-01
9.999653e-01
9.999654e-01
9.999652e-01
8.480992e-01
6.399121e-01
5.339835e-01
5.339783e-01
6.398961e-01
8.480721e-01
9.999323e-01
9.999326e-01
9.999327e-01
9.125026e-01
8.145115e-01
7.711007e-01
7.710978e-01
8.145030e-01
9.124889e-01
9.999165e-01
9.999163e-01
9.999161e-01
8.467262e-01
6.362004e-01
5.288163e-01
5.286649e-01
6.358916e-01
8.465618e-01
9.999038e-01
9.999040e-01
9.999041e-01
9.011391e-01
7.770729e-01
6.963679e-01
6.367793e-01
5.810009e-01
5.127812e-01
4.132082e-01
2.582552e-01
2.190319e-02
-3.037909e-01
-6.666610e-01
-1.000000e+00
-1.000000e+00
-2.744736e-01
5.441479e-01
9.997590e-01
9.997595e-01
9.997595e-01
8.046247e-01
5.106010e-01
3.197956e-01
2.335987e-01
2.425061e-01
3.064135e-01
3.064175e-01
2.425199e-01
2.336236e-01
3.198327e-01
5.106507e-01
8.046873e-01
9.998288e-01
9.998289e-01
9.998289e-01
8.404299e-01
6.194425e-01
5.063480e-01
5.063700e-01
6.195087e-01
8.405405e-01
9.999616e-01
9.999617e-01
9.999615e-01
8.405489e-01
6.195343e-01
5.064127e-01
5.064075e-01
6.195182e-01
8.405208e-01
9.999270e-01
9.999272e-01
9.999271e-01
9.173105e-01
8.266413e-01
7.869013e-01
7.868989e-01
8.266341e-01
9.172985e-01
9.999127e-01
9.999127e-01
9.999125e-01
8.396157e-01
6.170479e-01
5.029805e-01
5.029094e-01
6.169017e-01
8.395313e-01
9.998944e-01
9.998944e-01
9.998941e-01
9.070603e-01
7.928815e-01
7.194834e-01
6.655787e-01
6.151341e-01
5.531122e-01
4.613902e-01
3.148783e-01
8.090525e-02
-2.622668e-01
-6.469731e-01
-1.000000e+00
-1.000000e+00
-2.762042e-01
5.429844e-01
9.997548e-01
9.997552e-01
9.997552e-01
7.808189e-01
4.404234e-01
2.035366e-01
6.635333e-02
1.330900e-02
1.172258e-02
1.172722e-02
1.332359e-02
6.637891e-02
2.035741e-01
4.404736e-01
7.808821e-01
9.998251e-01
9.998253e-01
9.998252e-01
8.287472e-01
5.883058e-01
4.645850e-01
4.646070e-01
5.883719e-01
8.288578e-01
9.999581e-01
9.999582e-01
9.999581e-01
8.288665e-01
5.883983e-01
4.646511e-01
4.646463e-01
5.883828e-01
8.288379e-01
9.999219e-01
9.999219e-01
9.999217e-01
9.332630e-01
8.654478e-01
8.367332e-01
8.367313e-01
8.654420e-01
9.332529e-01
9.999091e-01
9.999092e-01
9.999090e-01
8.282318e-01
5.867382e-01
4.623755e-01
4.623407e-01
5.866644e-01
8.281809e-01
9.998853e-01
9.998849e-01
9.998842e-01
9.261472e-01
8.420360e-01
7.899341e-01
7.522500e-01
7.170213e-01
6.731067e-01
6.057240e-01
4.891238e-01
2.718151e-01
-1.333020e-01
-5.879583e-01
-1.000000e+00
-1.000000e+00
-2.804782e-01
5.399618e-01
9.997509e-01
9.997514e-01
9.997514e-01
7.531000e-01
3.623689e-01
8.190137e-02
-9.603980e-02
-1.895590e-01
-2.238682e-01
-2.238635e-01
-1.895442e-01
-9.601419e-02
8.193887e-02
3.624192e-01
7.531636e-01
9.998217e-01
9.998219e-01
9.998218e-01
8.103669e-01
5.406097e-01
4.016478e-01
4.016696e-01
5.406754e-01
8.104772e-01
9.999548e-01
9.999549e-01
9.999548e-01
8.104863e-01
5.407027e-01
4.017155e-01
4.017118e-01
5.406895e-01
8.104583e-01
9.999171e-01
9.999169e-01
9.999162e-01
9.663152e-01
9.387042e-01
9.278418e-01
9.278404e-01
9.387001e-01
9.663077e-01
9.999057e-01
9.999059e-01
9.999058e-01
8.100540e-01
5.395993e-01
4.002119e-01
4.001933e-01
5.395573e-01
8.100162e-01
9.998766e-01
9.998758e-01
9.998740e-01
9.637399e-01
9.303006e-01
9.110555e-01
8.974534e-01
8.847623e-01
8.686694e-01
8.425478e-01
7.896975e-01
6.462924e-01
8.836402e-02
-4.968027e-01
-1.000000e+00
-1.000000e+00
-2.909268e-01
5.319351e-01
9.997474e-01
9.997479e-01
9.997478e-01
7.181202e-01
2.719984e-01
-4.696532e-02
-2.537667e-01
-3.711921e-01
-4.218635e-01
-4.218588e-01
-3.711778e-01
-2.537417e-01
-4.692841e-02
2.720486e-01
7.181842e-01
9.998186e-01
9.998188e-01
9.998187e-01
7.804007e-01
4.671046e-01
3.075208e-01
3.075421e-01
4.671694e-01
7.805106e-01
9.999517e-01
9.999519e-01
9.999517e-01
7.805198e-01
4.671975e-01
3.075900e-01
3.075887e-01
4.671901e-01
7.804953e-01
9.999127e-01
9.999123e-01
9.999105e-01
9.999052e-01
9.999021e-01
9.999002e-01
9.998991e-01
9.998989e-01
9.998998e-01
9.999022e-01
9.999028e-01
9.999028e-01
7.802274e-01
4.664728e-01
3.066052e-01
3.065938e-01
4.664446e-01
7.801938e-01
9.998689e-01
9.998673e-01
9.998627e-01
9.998506e-01
9.998419e-01
9.998348e-01
9.998288e-01
9.998235e-01
9.998190e-01
9.998153e-01
9.998122e-01
9.998100e-01
3.880759e-01
-3.993691e-01
-1.000000e+00
-1.000000e+00
-3.160080e-01
5.099506e-01
9.997444e-01
9.997448e-01
9.997447e-01
6.663101e-01
1.582094e-01
-1.893959e-01
-4.100830e-01
-5.365483e-01
-5.930157e-01
-5.930114e-01
-5.365350e-01
-4.100595e-01
-1.893604e-01
1.582590e-01
6.663746e-01
9.998157e-01
9.998160e-01
9.998158e-01
7.280795e-01
3.527305e-01
1.686519e-01
1.686723e-01
3.527934e-01
7.281882e-01
9.999489e-01
9.999491e-01
9.999489e-01
7.281974e-01
3.528216e-01
1.687220e-01
1.687256e-01
3.528272e-01
7.281844e-01
9.999090e-01
9.999086e-01
9.999070e-01
9.999040e-01
9.999015e-01
9.998998e-01
9.998987e-01
9.998985e-01
9.998989e-01
9.998999e-01
9.999003e-01
9.999001e-01
7.280088e-01
3.523625e-01
1.680918e-01
1.680837e-01
3.523403e-01
7.279763e-01
9.998625e-01
9.998608e-01
9.998564e-01
9.998485e-01
9.998411e-01
9.998344e-01
9.998285e-01
9.998233e-01
9.998189e-01
9.998151e-01
9.998122e-01
9.998101e-01
4.613938e-01
-3.645582e-01
-1.000000e+00
-1.000000e+00
-3.742394e-01
4.471525e-01
9.997417e-01
9.997422e-01
9.997419e-01
5.703084e-01
-9.063266e-04
-3.550875e-01
-5.681732e-01
-6.877591e-01
-7.411337e-01
-7.411300e-01
-6.877476e-01
-5.681524e-01
-3.550548e-01
-8.579107e-04
5.703747e-01
9.998131e-01
9.998135e-01
9.998132e-01
6.254189e-01
1.728054e-01
-3.105549e-02
-3.103685e-02
1.728638e-01
6.255245e-01
9.999464e-01
9.999467e-01
9.999464e-01
6.255330e-01
1.728906e-01
-3.098720e-02
-3.097519e-02
1.729229e-01
6.255547e-01
9.999059e-01
9.999057e-01
9.999045e-01
9.999025e-01
9.999005e-01
9.998989e-01
9.998980e-01
9.998976e-01
9.998977e-01
9.998980e-01
9.998981e-01
9.998978e-01
6.254424e-01
1.726317e-01
-3.136747e-02
-3.137372e-02
1.726132e-01
6.254109e-01
9.998577e-01
9.998562e-01
9.998523e-01
9.998463e-01
9.998398e-01
9.998335e-01
9.998278e-01
9.998227e-01
9.998183e-01
9.998146e-01
9.998117e-01
9.998095e-01
4.299874e-01
-3.947990e-01
-1.000000e+00
-1.000000e+00
-5.008878e-01
2.580053e-01
9.997394e-01
9.997400e-01
9.997397e-01
3.454171e-01
-2.425040e-01
-5.533568e-01
-7.275627e-01
-8.223363e-01
-8.641845e-01
-8.641817e-01
-8.223276e-01
-7.275465e-01
-5.533293e-01
-2.424582e-01
3.454904e-01
9.998109e-01
9.998114e-01
9.998110e-01
3.882674e-01
-1.104465e-01
-3.046003e-01
-3.045852e-01
-1.103971e-01
3.883647e-01
9.999442e-01
9.999447e-01
9.999442e-01
3.883718e-01
-1.103747e-01
-3.045406e-01
-3.045177e-01
-1.102958e-01
3.885028e-01
9.999035e-01
9.999036e-01
9.999026e-01
9.999010e-01
9.998993e-01
9.998978e-01
9.998969e-01
9.998964e-01
9.998963e-01
9.998965e-01
9.998963e-01
9.998958e-01
3.884345e-01
-1.104643e-01
-3.047388e-01
-3.047433e-01
-1.104787e-01
3.884068e-01
9.998545e-01
9.998532e-01
9.998497e-01
9.998444e-01
9.998383e-01
9.998323e-01
9.998267e-01
9.998217e-01
9.998173e-01
9.998136e-01
9.998107e-01
9.998084e-01
2.518129e-01
-5.091985e-01
-1.000000e+00
-1.000000e+00
-7.381104e-01
-3.471631e-01
2.078431e-01
2.822993e-01
2.160989e-01
-2.929646e-01
-6.060367e-01
-7.812804e-01
-8.790071e-01
-9.315486e-01
-9.545927e-01
-9.545912e-01
-9.315438e-01
-8.789977e-01
-7.812628e-01
-6.059993e-01
-2.928635e-01
2.164599e-01
2.843517e-01
2.207388e-01
-2.647729e-01
-5.336999e-01
-6.456011e-01
-6.455921e-01
-5.336687e-01
-2.646996e-01
2.209292e-01
2.851233e-01
2.209300e-01
-2.646946e-01
-5.336552e-01
-6.455631e-01
-6.455361e-01
-5.335268e-01
-2.641942e-01
2.231258e-01
2.991625e-01
3.110259e-01
3.128760e-01
3.131636e-01
3.132066e-01
3.132060e-01
3.131617e-01
3.128729e-01
3.110217e-01
2.991569e-01
2.231156e-01
-2.642322e-01
-5.336043e-01
-6.456324e-01
-6.456348e-01
-5.336121e-01
-2.642472e-01
2.230898e-01
2.991283e-01
3.109904e-01
3.128382e-01
3.131229e-01
3.131628e-01
3.131580e-01
3.131041e-01
3.127700e-01
3.106440e-01
2.970323e-01
2.098059e-01
-3.492203e-01
-7.410258e-01
-1.000000e+00
-1.000000e+00
-1.000000e+00
-1.000000e+00
-1.000000e+00
-1.000000e+00
-1.000000e+00
-1.000000e+00
-1.000000e+00
-1.000000e+00
-1.000000e+00
-1.000000e+00
-1.000000e+00
-1.000000e+00
-1.000000e+00
-1.000000e+00
-1.000000e+00
-1.000000e+00
-1.000000e+00
-1.000000e+00
-1.000000e+00
-1.000000e+00
-1.000000e+00
-1.000000e+00
-1.000000e+00
-1.000000e+00
-1.000000e+00
-1.000000e+00
-1.000000e+00
-1.000000e+00
-1.000000e+00
-1.000000e+00
-1.000000e+00
-1.000000e+00
-1.000000e+00
-1.000000e+00
-1.000000e+00
-1.000000e+00
-1.000000e+00
-1.000000e+00
-1.000000e+00
-1.000000e+00
-1.000000e+00
-1.000000e+00
-1.000000e+00
-1.000000e+00
-1.000000e+00
-1.000000e+00
-1.000000e+00
-1.000000e+00
-1.000000e+00
-1.000000e+00
-1.000000e+00
-1.000000e+00
-1.000000e+00
-1.000000e+00
-1.000000e+00
-1.000000e+00
-1.000000e+00
-1.000000e+00
-1.000000e+00
-1.000000e+00
-1.000000e+00
-1.000000e+00
-1.000000e+00
-1.000000e+00
-1.000000e+00
-1.000000e+00
-1.000000e+00
-1.000000e+00
